1.0642591714859009
1.0042849779129028
0.9358314275741577
0.9122639298439026
0.8486751317977905
0.8132590055465698
0.8395455479621887
0.8218724131584167
0.7709108591079712
0.7572237253189087
0.7206348776817322
0.7035859227180481
0.7002270817756653
0.679343581199646
0.6622463464736938
0.6579436659812927
0.6628614068031311
0.652423083782196
0.6287473440170288
0.6234372854232788
0.6247711777687073
0.6121301651000977
0.6164299845695496
0.6255234479904175
0.5946936011314392
0.604022204875946
0.5786079168319702
0.5856944918632507
0.5756561756134033
0.5628325939178467
0.5714916586875916
0.5760504007339478
0.5573287606239319
0.5567043423652649
0.5616793036460876
0.5492662787437439
0.5467294454574585
0.5481129288673401
0.5296503901481628
0.5338044166564941
0.5402359962463379
0.5233317017555237
0.5229364037513733
0.5244638323783875
0.5175745487213135
0.5256674289703369
0.5015026330947876
0.5092648863792419
0.5037338137626648
0.5082768201828003
0.49918505549430847
0.4984889626502991
0.48514288663864136
0.5057176947593689
0.4853892922401428
0.5156291127204895
0.483724981546402
0.5016511082649231
0.5019372701644897
0.491888165473938
0.48401951789855957
0.4753451943397522
0.47649940848350525
0.4746730923652649
0.48074430227279663
0.45483505725860596
0.4940735697746277
0.4706495404243469
0.466274231672287
0.4724389314651489
0.4682507812976837
0.4684898257255554
0.45636799931526184
0.4529346227645874
0.45972558856010437
0.4704081118106842
0.4606339633464813
0.4545561969280243
0.4483535587787628
0.4539213180541992
0.45358943939208984
0.47049421072006226
0.4610048234462738
0.47009822726249695
0.46953439712524414
0.4515145719051361
0.45860761404037476
0.4611879885196686
0.4570918679237366
0.45510387420654297
0.45399418473243713
0.4536392092704773
0.4450967609882355
0.43801918625831604
0.4589988589286804
0.4465373158454895
0.45181044936180115
0.4489409625530243
0.43878546357154846
0.441333532333374
